index	prediction
0	0
1	0
2	0
3	0
4	5
5	4
6	0
7	4
8	0
9	0
10	0
11	0
12	0
13	3
14	0
15	0
16	4
17	0
18	3
19	0
20	0
21	0
22	3
23	0
24	0
25	0
26	0
27	0
28	0
29	0
30	0
31	0
32	0
33	0
34	0
35	0
36	0
37	5
38	0
39	0
40	4
41	0
42	0
43	0
44	0
45	0
46	0
47	0
48	0
49	0
50	5
51	0
52	0
53	5
54	0
55	0
56	0
57	0
58	0
59	0
60	0
61	0
62	0
63	5
64	0
65	0
66	0
67	0
68	0
69	5
70	0
71	0
72	0
73	0
74	0
75	0
76	5
77	0
78	0
79	0
80	0
81	0
82	0
83	0
84	3
85	0
86	0
87	0
88	0
89	0
90	0
91	0
92	0
93	3
94	0
95	0
96	0
97	0
98	0
99	0
100	0
101	0
102	3
103	0
104	5
105	0
106	0
107	0
108	0
109	0
110	0
111	0
112	5
113	0
114	0
115	0
116	0
117	0
118	5
119	0
120	0
121	0
122	0
123	0
124	0
125	0
126	0
127	0
128	0
129	0
130	0
131	0
132	0
133	0
134	0
135	0
136	5
137	0
138	0
139	0
140	0
141	0
142	4
143	3
144	0
145	0
146	0
147	0
148	0
149	0
150	0
151	0
152	0
153	4
154	0
155	0
156	0
157	5
158	0
159	5
160	4
161	3
162	0
163	0
164	0
165	0
166	3
167	0
168	0
169	0
170	3
171	3
172	0
173	0
174	0
175	0
176	0
177	0
178	4
179	0
180	0
181	0
182	5
183	0
184	0
185	0
186	0
187	0
188	5
189	0
190	0
191	0
192	0
193	0
194	4
195	0
196	5
197	0
198	5
199	0
200	3
201	0
202	0
203	0
204	0
205	0
206	0
207	0
208	5
209	0
210	0
211	0
212	0
213	0
214	0
215	0
216	0
217	4
218	5
219	0
220	3
221	0
222	4
223	0
224	0
225	0
226	5
227	0
228	3
229	0
230	0
231	0
232	0
233	0
234	0
235	0
236	0
237	0
238	5
239	0
240	0
241	3
242	0
243	0
244	0
245	0
246	0
247	0
248	0
249	0
250	3
251	0
252	0
253	5
254	5
255	0
256	5
257	0
258	5
259	0
260	0
261	0
262	0
263	3
264	0
265	5
266	0
267	4
268	0
269	0
270	0
271	4
272	0
273	0
274	0
275	3
276	0
277	3
278	0
279	0
280	0
281	0
282	3
283	0
284	4
285	0
286	0
287	3
288	0
289	0
290	0
291	0
292	4
293	0
294	5
295	5
296	0
297	0
298	0
299	0
300	0
301	0
302	0
303	5
304	0
305	0
306	0
307	0
308	4
309	0
310	0
311	0
312	0
313	0
314	0
315	0
316	0
317	0
318	0
319	0
320	3
321	3
322	0
323	3
324	3
325	5
326	5
327	3
328	0
329	0
330	0
331	3
332	0
333	5
334	3
335	0
336	0
337	0
338	0
339	0
340	0
341	0
342	0
343	0
344	0
345	0
346	0
347	0
348	0
349	0
350	0
351	0
352	0
353	0
354	0
355	5
356	0
357	0
358	4
359	0
360	0
361	0
362	0
363	0
364	0
365	5
366	0
367	0
368	0
369	0
370	0
371	0
372	0
373	0
374	0
375	0
376	0
377	0
378	0
379	0
380	0
381	0
382	0
383	0
384	0
385	0
386	0
387	4
388	4
389	0
390	0
391	4
392	0
393	0
394	0
395	0
396	0
397	0
398	0
399	0
400	3
401	0
402	0
403	0
404	0
405	3
406	0
407	0
408	0
409	3
410	0
411	0
412	0
413	0
414	0
415	0
416	5
417	0
418	0
419	4
420	0
421	0
422	0
423	5
424	5
425	0
426	5
427	0
428	5
429	0
430	0
431	0
432	0
433	0
434	0
435	0
436	0
437	0
438	0
439	3
440	0
441	3
442	0
443	0
444	0
445	0
446	0
447	0
448	0
449	0
450	0
451	0
452	0
453	5
454	0
455	0
456	3
457	0
458	0
459	0
460	5
461	0
462	0
463	0
464	0
465	4
466	5
467	0
468	0
469	0
470	0
471	5
472	5
473	0
474	0
475	0
476	0
477	0
478	0
479	3
480	4
481	5
482	0
483	5
484	0
485	0
486	4
487	0
488	0
489	4
490	0
491	0
492	0
493	0
494	0
495	0
496	4
497	0
498	0
499	0
500	0
501	0
502	0
503	0
504	0
505	3
506	0
507	0
508	0
509	0
510	0
511	5
512	0
513	5
514	4
515	0
516	0
517	5
518	0
519	0
520	0
521	0
522	0
523	3
524	0
525	0
526	0
527	0
528	0
529	0
530	0
531	0
532	0
533	0
534	4
535	0
536	0
537	0
538	0
539	0
540	5
541	4
542	0
543	3
544	0
545	5
546	0
547	5
548	0
549	0
550	0
551	0
552	0
553	0
554	0
555	3
556	0
557	0
558	0
559	5
560	0
561	0
562	0
563	0
564	0
565	0
566	0
567	0
568	3
569	0
570	4
571	4
572	0
573	0
574	5
575	0
576	0
577	3
578	0
579	4
580	3
581	0
582	0
583	5
584	0
585	0
586	0
587	0
588	0
589	0
590	4
591	0
592	0
593	0
594	4
595	0
596	0
597	0
598	0
599	0
600	5
601	0
602	0
603	0
604	0
605	0
606	0
607	0
608	5
609	0
610	3
611	0
612	0
613	0
614	0
615	0
616	0
617	3
618	0
619	0
620	5
621	0
622	0
623	0
624	0
625	0
626	5
627	0
628	0
629	0
630	0
631	0
632	0
633	0
634	0
635	3
636	4
637	0
638	4
639	0
640	4
641	5
642	0
643	0
644	5
645	0
646	3
647	4
648	0
649	0
650	5
651	0
652	0
653	0
654	0
655	0
656	0
657	0
658	3
659	0
660	0
661	0
662	0
663	0
664	0
665	0
666	0
667	5
668	0
669	0
670	0
671	0
672	0
673	0
674	0
675	5
676	4
677	0
678	0
679	0
680	3
681	0
682	3
683	3
684	0
685	0
686	0
687	0
688	0
689	0
690	0
691	0
692	0
693	0
694	0
695	0
696	0
697	0
698	0
699	5
700	5
701	4
702	0
703	4
704	4
705	0
706	0
707	0
708	0
709	0
710	0
711	0
712	0
713	0
714	0
715	4
716	0
717	0
718	0
719	0
720	0
721	3
722	0
723	5
724	5
725	0
726	0
727	0
728	4
729	3
730	5
731	0
732	0
733	0
734	0
735	0
736	0
737	0
738	0
739	0
740	0
741	0
742	0
743	0
744	0
745	0
746	4
747	3
748	0
749	3
750	0
751	0
752	0
753	0
754	0
755	0
756	0
757	0
758	0
759	0
760	0
761	0
762	0
763	0
764	0
765	0
766	0
767	0
768	0
769	0
770	0
771	0
772	0
773	0
774	3
775	0
776	0
777	4
778	0
779	3
780	0
781	4
782	0
783	3
784	0
785	0
786	0
787	0
788	0
789	0
790	0
791	5
792	0
793	0
794	5
795	0
796	0
797	0
798	4
799	0
800	5
801	0
802	0
803	0
804	0
805	4
806	0
807	5
808	5
809	0
810	0
811	5
812	0
813	0
814	0
815	0
816	5
817	0
818	0
819	0
820	0
821	0
822	0
823	0
824	0
825	0
826	0
827	0
828	0
829	0
830	0
831	0
832	0
833	3
834	0
835	0
836	5
837	5
838	0
839	0
840	0
841	0
842	0
843	0
844	0
845	0
846	5
847	3
848	0
849	0
850	3
851	0
852	4
853	5
854	3
855	0
856	4
857	0
858	0
859	0
860	0
861	0
862	0
863	0
864	0
865	0
866	0
867	0
868	0
869	0
870	0
871	0
872	0
873	0
874	0
875	0
876	0
877	0
878	0
879	0
880	0
881	0
882	0
883	0
884	0
885	4
886	0
887	5
888	0
889	0
890	0
891	0
892	3
893	0
894	0
895	0
896	0
897	0
898	0
899	0
900	0
901	4
902	0
903	4
904	0
905	3
906	0
907	0
908	0
909	0
910	0
911	0
912	0
913	3
914	0
915	0
916	3
917	0
918	0
919	0
920	0
921	0
922	0
923	0
924	0
925	0
926	0
927	0
928	0
929	4
930	5
931	0
932	0
933	3
934	4
935	0
936	0
937	0
938	0
939	0
940	0
941	0
942	0
943	0
944	0
945	4
946	0
947	5
948	0
949	0
950	4
951	0
952	0
953	0
954	3
955	0
956	0
957	0
958	0
959	0
960	0
961	0
962	0
963	5
964	5
965	0
966	0
967	0
968	3
969	0
970	0
971	0
972	3
973	0
974	0
975	0
976	0
977	0
978	0
979	0
980	0
981	0
982	4
983	5
984	0
985	0
986	3
987	0
988	0
989	0
990	0
991	0
992	0
993	4
994	0
995	0
996	0
997	0
998	0
999	0
1000	0
1001	5
1002	0
1003	0
1004	0
1005	3
1006	3
1007	0
1008	4
1009	0
1010	0
1011	0
1012	0
1013	0
1014	0
1015	0
1016	0
1017	0
1018	0
1019	0
1020	3
1021	4
1022	0
1023	0
1024	0
1025	5
1026	4
1027	3
1028	0
1029	5
1030	0
1031	3
1032	5
1033	0
1034	0
1035	0
1036	0
1037	0
1038	5
1039	0
1040	0
1041	5
1042	0
1043	0
1044	4
1045	5
1046	5
1047	0
1048	0
1049	0
1050	0
1051	0
1052	0
1053	0
1054	0
1055	4
1056	0
1057	0
1058	0
1059	0
1060	0
1061	5
1062	0
1063	0
1064	4
1065	0
1066	0
1067	0
1068	0
1069	0
1070	5
1071	0
1072	0
1073	0
1074	0
1075	0
1076	0
1077	4
1078	0
1079	3
1080	0
1081	0
1082	0
1083	0
1084	0
1085	0
1086	0
1087	0
1088	3
1089	0
1090	0
1091	0
1092	0
1093	0
1094	0
1095	4
1096	0
1097	0
1098	0
1099	5
1100	0
1101	0
1102	0
1103	0
1104	5
1105	0
1106	5
1107	0
1108	4
1109	0
1110	0
1111	0
1112	0
1113	4
1114	0
1115	0
1116	0
1117	5
1118	0
1119	3
1120	0
1121	0
1122	0
1123	0
1124	0
1125	0
1126	5
1127	0
1128	0
1129	0
1130	0
1131	5
1132	0
1133	0
1134	0
1135	0
1136	0
1137	4
1138	0
1139	0
1140	0
1141	0
1142	0
1143	0
1144	4
1145	0
1146	0
1147	5
1148	0
1149	0
1150	0
1151	0
1152	5
1153	0
1154	0
1155	5
1156	0
1157	0
1158	0
1159	0
1160	0
1161	3
1162	0
1163	0
1164	0
1165	0
1166	0
1167	0
1168	0
1169	0
1170	0
1171	4
1172	0
1173	0
1174	0
1175	4
1176	0
1177	4
1178	0
1179	0
1180	0
1181	0
1182	5
1183	4
1184	0
1185	0
1186	0
1187	0
1188	0
1189	0
1190	0
1191	3
1192	0
1193	0
1194	0
1195	0
1196	0
1197	5
1198	0
1199	0
1200	0
1201	0
1202	0
1203	0
1204	0
1205	4
1206	0
1207	5
1208	0
1209	0
1210	0
1211	5
1212	0
1213	3
1214	4
1215	0
1216	0
1217	0
1218	0
1219	0
1220	0
1221	0
1222	0
1223	0
1224	5
1225	0
1226	4
1227	0
1228	4
1229	0
1230	0
1231	5
1232	0
1233	0
1234	0
1235	5
1236	0
1237	5
1238	0
1239	5
1240	3
1241	0
1242	0
1243	0
1244	0
1245	0
1246	0
1247	5
1248	0
1249	0
1250	0
1251	0
1252	0
1253	0
1254	0
1255	4
1256	3
1257	0
1258	0
1259	0
1260	3
1261	0
1262	0
1263	0
1264	0
1265	0
1266	0
1267	0
1268	4
1269	0
1270	0
1271	0
1272	5
1273	0
1274	3
1275	5
1276	0
1277	4
1278	0
1279	0
1280	0
1281	0
1282	5
1283	3
1284	5
1285	0
1286	0
1287	0
1288	0
1289	0
1290	4
1291	0
1292	5
1293	0
1294	0
1295	0
1296	5
1297	0
1298	5
1299	0
1300	0
1301	0
1302	0
1303	0
1304	5
1305	0
1306	0
1307	0
1308	0
1309	0
1310	3
1311	0
1312	0
1313	5
1314	5
1315	0
1316	5
1317	0
1318	5
1319	0
1320	0
1321	4
1322	0
1323	0
1324	0
1325	0
1326	5
1327	0
1328	0
1329	0
1330	0
1331	0
1332	0
1333	4
1334	0
1335	5
1336	0
1337	0
1338	0
1339	0
1340	0
1341	0
1342	0
1343	0
1344	0
1345	0
1346	0
1347	0
1348	0
1349	0
1350	0
1351	0
1352	0
1353	0
1354	0
1355	0
1356	0
1357	0
1358	5
1359	5
1360	0
1361	0
1362	0
1363	0
1364	4
1365	0
1366	0
1367	0
1368	0
1369	0
1370	0
1371	4
1372	0
1373	0
1374	0
1375	0
1376	0
1377	3
1378	5
1379	0
1380	0
1381	0
1382	0
1383	5
1384	0
1385	0
1386	3
1387	0
1388	0
1389	0
1390	0
1391	0
1392	0
1393	0
1394	3
1395	0
1396	0
1397	0
1398	0
1399	0
1400	0
1401	0
1402	0
1403	4
1404	0
1405	5
1406	0
1407	0
1408	4
1409	0
1410	0
1411	0
1412	5
1413	0
1414	4
1415	0
1416	5
1417	0
1418	0
1419	0
1420	0
1421	0
1422	5
1423	0
1424	3
1425	0
1426	5
1427	0
1428	0
1429	0
1430	0
1431	5
1432	0
1433	0
1434	0
1435	0
1436	0
1437	0
1438	4
1439	0
1440	0
1441	3
1442	0
1443	0
1444	5
1445	0
1446	0
1447	0
1448	0
1449	0
1450	0
1451	0
1452	0
1453	0
1454	0
1455	0
1456	0
1457	0
1458	0
1459	0
1460	5
1461	0
1462	4
1463	0
1464	0
1465	0
1466	0
1467	0
1468	0
1469	0
1470	4
1471	0
1472	0
1473	0
1474	0
1475	0
1476	0
1477	0
1478	5
1479	0
1480	0
1481	0
1482	0
1483	0
1484	3
1485	0
1486	0
1487	4
1488	0
1489	5
1490	3
1491	0
1492	0
1493	0
1494	0
1495	0
1496	3
1497	0
1498	0
1499	0
1500	0
1501	0
1502	0
1503	3
1504	0
1505	5
1506	0
1507	0
1508	0
1509	0
1510	0
1511	0
1512	0
1513	0
1514	0
1515	5
1516	0
1517	0
1518	3
1519	0
1520	5
1521	5
1522	0
1523	0
1524	0
1525	0
1526	0
1527	0
1528	0
1529	0
1530	0
1531	3
1532	0
1533	3
1534	0
1535	0
1536	0
1537	0
1538	4
1539	0
1540	0
1541	0
1542	0
1543	4
1544	0
1545	0
1546	3
1547	0
1548	0
1549	0
1550	0
1551	5
1552	0
1553	0
1554	3
1555	0
1556	0
1557	0
1558	0
1559	3
1560	0
1561	0
1562	0
1563	3
1564	0
1565	0
1566	0
1567	0
1568	0
1569	0
1570	0
1571	0
1572	0
1573	0
1574	0
1575	0
1576	5
1577	5
1578	0
1579	0
1580	0
1581	0
1582	0
1583	0
1584	5
1585	5
1586	0
1587	0
1588	0
1589	0
1590	5
1591	0
1592	0
1593	0
1594	3
1595	0
1596	0
1597	0
1598	0
1599	0
1600	0
1601	0
1602	0
1603	0
1604	0
1605	0
1606	4
1607	0
1608	0
1609	0
1610	5
1611	0
1612	4
1613	5
1614	0
1615	5
1616	0
1617	4
1618	0
1619	0
1620	0
1621	5
1622	0
1623	0
1624	0
1625	0
1626	5
1627	5
1628	0
1629	0
1630	0
1631	3
1632	5
1633	0
1634	5
1635	0
1636	0
1637	5
1638	0
1639	0
1640	0
1641	0
1642	4
1643	0
1644	0
1645	0
1646	0
1647	0
1648	0
1649	0
1650	3
1651	0
1652	5
1653	3
1654	0
1655	0
1656	0
1657	5
1658	3
1659	0
1660	0
1661	0
1662	0
1663	0
1664	0
1665	0
1666	0
1667	4
1668	0
1669	0
1670	3
1671	0
1672	0
1673	0
1674	0
1675	0
1676	0
1677	0
1678	0
1679	0
1680	0
1681	0
1682	0
1683	0
1684	0
1685	4
1686	0
1687	0
1688	0
1689	0
1690	0
1691	4
1692	0
1693	0
1694	3
1695	0
1696	0
1697	0
1698	5
1699	0
1700	0
1701	0
1702	5
1703	5
1704	5
1705	0
1706	0
1707	0
1708	0
1709	0
1710	0
1711	0
1712	0
1713	5
1714	0
1715	5
1716	0
1717	0
1718	0
1719	0
1720	0
1721	0
1722	0
1723	0
1724	0
1725	0
1726	5
1727	0
1728	0
1729	0
1730	0
1731	0
1732	0
1733	0
1734	0
1735	3
1736	0
1737	0
1738	0
1739	0
1740	0
1741	0
1742	0
1743	0
1744	0
1745	0
1746	0
1747	5
1748	3
1749	0
1750	0
1751	4
1752	0
1753	0
1754	4
1755	0
1756	0
1757	0
1758	3
1759	0
1760	0
1761	0
1762	0
1763	0
1764	0
1765	0
1766	0
1767	0
1768	0
1769	0
1770	0
1771	5
1772	0
1773	0
1774	0
1775	4
1776	0
1777	0
1778	0
1779	0
1780	3
1781	0
1782	3
1783	5
1784	0
1785	0
1786	4
1787	0
1788	0
1789	5
1790	0
1791	0
1792	3
1793	0
1794	5
1795	0
1796	5
1797	0
1798	0
1799	3
1800	0
1801	5
1802	5
1803	5
1804	0
1805	0
1806	0
1807	0
1808	4
1809	0
1810	0
1811	0
1812	0
1813	0
1814	0
1815	3
1816	0
1817	0
1818	3
1819	0
1820	0
1821	0
1822	0
1823	0
1824	0
1825	0
1826	5
1827	0
1828	0
1829	0
1830	4
1831	0
1832	4
1833	0
1834	0
1835	0
1836	0
1837	0
1838	0
1839	0
1840	0
1841	0
1842	0
1843	0
1844	0
1845	0
1846	0
1847	0
1848	0
1849	0
1850	0
1851	0
1852	0
1853	0
1854	0
1855	5
1856	4
1857	0
1858	0
1859	5
1860	0
1861	0
1862	3
1863	5
1864	0
1865	0
1866	0
1867	0
1868	0
1869	0
1870	0
1871	0
1872	0
1873	0
1874	5
1875	0
1876	0
1877	5
1878	0
1879	3
1880	0
1881	4
1882	0
1883	0
1884	0
1885	0
1886	0
1887	0
1888	0
1889	0
1890	5
1891	5
1892	0
1893	3
1894	0
1895	3
1896	3
1897	0
1898	5
1899	0
1900	0
1901	3
1902	0
1903	0
1904	0
1905	0
1906	0
1907	0
1908	0
1909	0
1910	0
1911	0
1912	0
1913	0
1914	0
1915	0
1916	0
1917	0
1918	0
1919	4
1920	4
1921	5
1922	3
1923	0
1924	0
1925	0
1926	0
1927	0
1928	0
1929	0
1930	0
1931	5
1932	0
1933	0
1934	0
1935	4
1936	0
1937	0
1938	0
1939	0
1940	0
1941	0
1942	0
1943	0
1944	5
1945	0
1946	0
1947	0
1948	4
1949	0
1950	0
1951	5
1952	3
1953	0
1954	0
1955	3
1956	0
1957	0
1958	3
1959	0
1960	0
1961	0
1962	0
1963	0
1964	0
1965	0
1966	3
1967	0
1968	0
1969	0
1970	0
1971	0
1972	5
1973	0
1974	4
1975	0
1976	0
1977	5
1978	0
1979	5
1980	4
1981	0
1982	0
1983	0
1984	0
1985	0
1986	5
1987	0
1988	0
1989	0
1990	3
1991	0
1992	0
1993	0
1994	4
1995	5
1996	0
1997	0
1998	4
1999	0
2000	0
2001	0
2002	0
2003	0
2004	4
2005	0
2006	0
2007	3
2008	5
2009	0
2010	0
2011	0
2012	0
2013	5
2014	0
2015	0
2016	0
2017	5
2018	0
2019	0
2020	0
2021	0
2022	0
2023	5
2024	0
2025	4
2026	0
2027	0
2028	0
2029	0
2030	0
2031	0
2032	0
2033	4
2034	0
2035	5
2036	0
2037	0
2038	0
2039	0
2040	0
2041	0
2042	0
2043	0
2044	0
2045	5
2046	0
2047	0
2048	0
2049	0
2050	0
2051	3
2052	0
2053	0
2054	0
2055	0
2056	0
2057	0
2058	0
2059	0
2060	0
2061	0
2062	0
2063	3
2064	5
2065	0
2066	0
2067	0
2068	0
2069	0
2070	0
2071	0
2072	0
2073	0
2074	0
2075	0
2076	0
2077	0
2078	0
2079	4
2080	3
2081	3
2082	0
2083	0
2084	0
2085	0
2086	0
2087	0
2088	0
2089	0
2090	0
2091	3
2092	0
2093	0
2094	0
2095	0
2096	0
2097	0
2098	0
2099	5
2100	0
2101	0
2102	0
2103	0
2104	0
2105	0
2106	0
2107	0
2108	0
2109	0
2110	0
2111	0
2112	0
2113	0
2114	0
2115	0
2116	0
2117	3
2118	0
2119	5
2120	0
2121	0
2122	0
2123	5
2124	0
2125	0
2126	0
2127	3
2128	0
2129	0
2130	0
2131	0
2132	0
2133	3
2134	0
2135	0
2136	0
2137	3
2138	0
2139	0
2140	0
2141	0
2142	0
2143	0
2144	0
2145	0
2146	0
2147	0
2148	0
2149	0
2150	0
2151	0
2152	0
2153	5
2154	3
2155	5
2156	5
2157	5
2158	0
2159	0
2160	0
2161	0
2162	0
2163	0
2164	0
2165	0
2166	0
2167	0
2168	0
2169	0
2170	0
2171	3
2172	5
2173	0
2174	3
2175	0
2176	5
2177	0
2178	4
2179	0
2180	0
2181	3
2182	4
2183	0
2184	0
2185	0
2186	0
2187	0
2188	0
2189	0
2190	0
2191	0
2192	5
2193	0
2194	0
2195	0
2196	0
2197	3
2198	0
2199	0
2200	0
2201	0
2202	0
2203	0
2204	3
2205	0
2206	4
2207	0
2208	0
2209	3
2210	0
2211	0
2212	0
2213	5
2214	4
2215	0
2216	4
2217	0
2218	0
2219	0
2220	0
2221	3
2222	0
2223	0
2224	0
2225	0
2226	0
2227	0
2228	4
2229	0
2230	0
2231	4
2232	0
2233	4
2234	0
2235	0
2236	0
2237	0
2238	0
2239	0
2240	0
2241	0
2242	0
2243	3
2244	0
2245	0
2246	0
2247	4
2248	0
2249	0
2250	0
2251	0
2252	0
2253	0
2254	0
2255	0
2256	0
2257	0
2258	0
2259	3
2260	5
2261	0
2262	0
2263	0
2264	4
2265	0
2266	0
2267	0
2268	0
2269	0
2270	0
2271	4
2272	0
2273	3
2274	3
2275	0
2276	3
2277	0
2278	0
2279	5
2280	0
2281	0
2282	0
2283	0
2284	5
2285	0
2286	0
2287	0
2288	0
2289	5
2290	0
2291	3
2292	0
2293	0
2294	0
2295	0
2296	0
2297	0
2298	0
2299	0
2300	0
2301	0
2302	0
2303	5
2304	0
2305	0
2306	0
2307	5
2308	0
2309	0
2310	5
2311	0
2312	0
2313	5
2314	0
2315	0
2316	0
2317	0
2318	3
2319	0
2320	0
2321	0
2322	0
2323	0
2324	0
2325	3
2326	0
2327	0
2328	0
2329	0
2330	0
2331	0
2332	5
2333	0
2334	0
2335	0
2336	0
2337	3
2338	0
2339	5
2340	0
2341	0
2342	0
2343	0
2344	0
2345	5
2346	4
2347	3
2348	0
2349	0
2350	0
2351	0
2352	0
2353	0
2354	0
2355	0
2356	0
2357	0
2358	0
2359	4
2360	0
2361	0
2362	0
2363	0
2364	0
2365	0
2366	3
2367	5
2368	0
2369	0
2370	0
2371	0
2372	0
2373	4
2374	0
2375	0
2376	0
2377	3
2378	0
2379	0
2380	3
2381	0
2382	0
2383	5
2384	0
2385	0
2386	0
2387	4
2388	0
2389	0
2390	0
2391	0
2392	0
2393	0
2394	0
2395	0
2396	0
2397	0
2398	0
2399	0
2400	0
2401	0
2402	0
2403	0
2404	5
2405	5
2406	0
2407	0
2408	3
2409	0
2410	0
2411	0
2412	0
2413	0
2414	0
2415	0
2416	0
2417	0
2418	0
2419	0
2420	0
2421	0
2422	5
2423	0
2424	5
2425	0
2426	0
2427	4
2428	0
2429	0
2430	5
2431	3
2432	0
2433	0
2434	0
2435	0
2436	0
2437	0
2438	0
2439	5
2440	0
2441	5
2442	0
2443	0
2444	0
2445	0
2446	0
2447	3
2448	0
2449	0
2450	0
2451	0
2452	4
2453	0
2454	0
2455	0
2456	0
2457	0
2458	0
2459	0
2460	0
2461	0
2462	5
2463	0
2464	0
2465	0
2466	0
2467	0
2468	5
2469	3
2470	0
2471	3
2472	0
2473	3
2474	5
2475	0
2476	0
2477	0
2478	0
2479	5
2480	0
2481	0
2482	0
2483	0
2484	0
2485	0
2486	0
2487	0
2488	5
2489	0
2490	0
2491	0
2492	0
2493	0
2494	3
2495	5
2496	0
2497	0
2498	0
2499	0
2500	0
2501	4
2502	0
2503	5
2504	0
2505	0
2506	5
2507	4
2508	0
2509	0
2510	0
2511	0
2512	0
2513	4
2514	3
2515	0
2516	0
2517	0
2518	0
2519	0
2520	0
2521	0
2522	5
2523	0
2524	0
2525	0
2526	5
2527	5
2528	0
2529	4
2530	0
2531	0
2532	0
2533	0
2534	0
2535	5
2536	0
2537	0
2538	0
2539	5
2540	0
2541	0
2542	3
2543	5
2544	0
2545	0
2546	0
2547	0
2548	0
2549	0
2550	3
2551	0
2552	0
2553	0
2554	0
2555	5
2556	4
2557	0
2558	0
2559	0
2560	4
2561	0
2562	0
2563	0
2564	0
2565	4
2566	0
2567	5
2568	3
2569	5
2570	0
2571	0
2572	0
2573	0
2574	5
2575	0
2576	0
2577	0
2578	0
2579	0
2580	0
2581	0
2582	0
2583	0
2584	0
2585	0
2586	5
2587	0
2588	0
2589	0
2590	0
2591	0
2592	0
2593	0
2594	0
2595	0
2596	0
2597	5
2598	3
2599	0
2600	0
2601	3
2602	4
2603	0
2604	0
2605	0
2606	0
2607	0
2608	0
2609	0
2610	3
2611	0
2612	0
2613	0
2614	0
2615	0
2616	0
2617	0
2618	0
2619	5
2620	0
2621	0
2622	0
2623	5
2624	0
2625	0
2626	0
2627	3
2628	0
2629	0
2630	0
2631	0
2632	0
2633	0
2634	4
2635	0
2636	0
2637	0
2638	5
2639	3
2640	5
2641	0
2642	0
2643	0
2644	0
2645	0
2646	0
2647	4
2648	0
2649	0
2650	0
2651	0
2652	4
2653	5
2654	0
2655	0
2656	0
2657	0
2658	0
2659	3
2660	0
2661	0
2662	5
2663	0
2664	0
2665	0
2666	0
2667	0
2668	0
2669	0
2670	0
2671	5
2672	0
2673	0
2674	0
2675	0
2676	0
2677	0
2678	0
2679	5
2680	0
2681	0
2682	0
2683	0
2684	4
2685	0
2686	0
2687	5
2688	0
2689	0
2690	0
2691	0
2692	4
2693	5
2694	5
2695	5
2696	0
2697	0
2698	0
2699	0
2700	0
2701	0
2702	0
2703	5
2704	3
2705	5
2706	0
2707	4
2708	4
2709	0
2710	0
2711	0
2712	0
2713	0
2714	0
2715	0
2716	0
2717	0
2718	3
2719	0
2720	0
2721	0
2722	4
2723	0
2724	3
2725	4
2726	0
2727	0
2728	0
2729	0
2730	0
2731	0
2732	0
2733	0
2734	0
2735	5
2736	0
2737	4
2738	0
2739	5
2740	0
2741	0
2742	0
2743	5
2744	0
2745	0
2746	0
2747	0
2748	0
2749	0
2750	0
2751	0
2752	0
2753	4
2754	0
2755	4
2756	0
2757	0
2758	0
2759	0
2760	5
2761	0
2762	0
2763	0
2764	0
2765	0
2766	0
2767	5
2768	0
2769	0
2770	5
2771	0
2772	4
2773	0
2774	0
2775	5
2776	0
2777	5
2778	3
2779	0
2780	3
2781	0
2782	0
2783	0
2784	0
2785	5
2786	0
2787	0
2788	0
2789	0
2790	3
2791	0
2792	0
2793	0
2794	0
2795	0
2796	0
2797	0
2798	0
2799	5
2800	0
2801	4
2802	3
2803	0
2804	0
2805	0
2806	0
2807	0
2808	3
2809	0
2810	3
2811	0
2812	0
2813	0
2814	0
2815	0
2816	0
2817	0
2818	0
2819	5
2820	0
2821	0
2822	0
2823	0
2824	0
2825	0
2826	4
2827	0
2828	0
2829	0
2830	0
2831	0
2832	0
2833	0
2834	0
2835	0
2836	0
2837	0
2838	0
2839	0
2840	0
2841	0
2842	0
2843	0
2844	0
2845	0
2846	0
2847	0
2848	0
2849	0
2850	0
2851	0
2852	0
2853	3
2854	5
2855	4
2856	5
2857	0
2858	0
2859	0
2860	0
2861	0
2862	5
2863	0
2864	0
2865	3
2866	0
2867	4
2868	4
2869	0
2870	0
2871	4
2872	5
2873	0
2874	0
2875	0
2876	0
2877	0
2878	0
2879	0
2880	0
2881	0
2882	3
2883	0
2884	0
2885	0
2886	0
2887	0
2888	0
2889	0
2890	0
2891	0
2892	0
2893	0
2894	0
2895	0
2896	0
2897	0
2898	0
2899	0
2900	0
2901	3
2902	5
2903	0
2904	0
2905	0
2906	3
2907	0
2908	0
2909	0
2910	0
2911	0
2912	0
2913	0
2914	0
2915	0
2916	0
2917	5
2918	3
2919	0
2920	0
2921	4
2922	3
2923	0
2924	0
2925	0
2926	0
2927	0
2928	0
2929	0
2930	5
2931	5
2932	3
2933	0
2934	0
2935	5
2936	0
2937	0
2938	0
2939	5
2940	0
2941	4
2942	0
2943	0
2944	0
2945	0
2946	0
2947	0
2948	0
2949	0
2950	0
2951	0
2952	0
2953	5
2954	4
2955	0
2956	5
2957	0
2958	0
2959	5
2960	0
2961	0
2962	0
2963	0
2964	3
2965	0
2966	5
2967	0
2968	0
2969	0
2970	0
2971	0
2972	0
2973	5
2974	0
2975	5
2976	0
2977	0
2978	0
2979	0
2980	3
2981	0
2982	4
2983	0
2984	0
2985	0
2986	4
2987	3
2988	0
2989	4
2990	0
2991	5
2992	3
2993	0
2994	0
2995	5
2996	0
2997	0
2998	4
2999	0
3000	0
3001	0
3002	0
3003	0
3004	0
3005	0
3006	0
3007	0
3008	5
3009	4
3010	0
3011	0
3012	0
3013	0
3014	3
3015	0
3016	0
3017	0
3018	0
3019	0
3020	0
3021	0
3022	0
3023	0
3024	0
3025	0
3026	5
3027	0
3028	0
3029	0
3030	0
3031	0
3032	0
3033	0
3034	0
3035	0
3036	5
3037	0
3038	0
3039	0
3040	0
3041	0
3042	0
3043	0
3044	4
3045	3
3046	5
3047	0
3048	0
3049	0
3050	0
3051	0
3052	0
3053	0
3054	0
3055	0
3056	3
3057	0
3058	0
3059	0
3060	3
3061	0
3062	3
3063	0
3064	0
3065	5
3066	0
3067	0
3068	0
3069	0
3070	0
3071	3
3072	0
3073	0
3074	0
3075	0
3076	0
3077	0
3078	0
3079	3
3080	0
3081	0
3082	0
3083	3
3084	0
3085	0
3086	0
3087	0
3088	5
3089	0
3090	4
3091	0
3092	0
3093	0
3094	0
3095	3
3096	0
3097	0
3098	0
3099	5
3100	0
3101	0
3102	5
3103	0
3104	5
3105	4
3106	0
3107	0
3108	0
3109	0
3110	0
3111	0
3112	0
3113	0
3114	4
3115	0
3116	0
3117	0
3118	3
3119	0
3120	0
3121	0
3122	0
3123	0
3124	0
3125	0
3126	0
3127	0
3128	0
3129	0
3130	0
3131	4
3132	3
3133	3
3134	0
3135	0
3136	0
3137	5
3138	5
3139	0
3140	0
3141	0
3142	0
3143	0
3144	0
3145	0
3146	0
3147	3
3148	0
3149	0
3150	3
3151	5
3152	0
3153	0
3154	0
3155	0
3156	4
3157	0
3158	0
3159	0
3160	0
3161	0
3162	0
3163	5
3164	0
3165	3
3166	0
3167	0
3168	0
3169	5
3170	0
3171	0
3172	0
3173	0
3174	0
3175	0
3176	0
3177	0
3178	0
3179	0
3180	0
3181	4
3182	4
3183	5
3184	0
3185	3
3186	0
3187	0
3188	3
3189	5
3190	0
3191	0
3192	4
3193	0
3194	0
3195	0
3196	0
3197	3
3198	0
3199	4
3200	0
3201	0
3202	0
3203	0
3204	0
3205	0
3206	5
3207	0
3208	0
3209	0
3210	4
3211	0
3212	0
3213	0
3214	0
3215	0
3216	0
3217	4
3218	0
3219	0
3220	0
3221	0
3222	5
3223	3
3224	0
3225	0
3226	5
3227	0
3228	0
3229	0
3230	0
3231	0
3232	0
3233	0
3234	0
3235	0
3236	0
3237	0
3238	4
3239	0
3240	0
3241	5
3242	3
3243	0
3244	4
3245	0
3246	5
3247	0
3248	0
3249	0
3250	0
3251	0
3252	0
3253	0
3254	0
3255	4
3256	0
3257	0
3258	3
3259	0
3260	0
3261	0
3262	0
3263	0
3264	0
3265	0
3266	0
3267	3
3268	0
3269	0
3270	0
3271	0
3272	0
3273	3
3274	0
3275	0
3276	0
3277	3
3278	5
3279	0
3280	0
3281	0
3282	0
3283	5
3284	0
3285	4
3286	0
3287	0
3288	0
3289	0
3290	0
3291	0
3292	0
3293	0
3294	0
3295	0
3296	0
3297	0
3298	0
3299	0
3300	0
3301	0
3302	0
3303	0
3304	5
3305	0
3306	0
3307	0
3308	0
3309	0
3310	0
3311	4
3312	0
3313	3
3314	0
3315	0
3316	0
3317	5
3318	0
3319	0
3320	3
3321	3
3322	0
3323	5
3324	0
3325	0
3326	5
3327	0
3328	0
3329	0
3330	3
3331	0
3332	0
3333	0
3334	0
3335	0
3336	0
3337	0
3338	0
3339	4
3340	0
3341	0
3342	0
3343	0
3344	0
3345	0
3346	0
3347	0
3348	3
3349	4
3350	5
3351	0
3352	0
3353	0
3354	0
3355	0
3356	0
3357	0
3358	0
3359	0
3360	0
3361	0
3362	0
3363	0
3364	0
3365	4
3366	0
3367	0
3368	0
3369	0
3370	0
3371	0
3372	0
3373	0
3374	0
3375	0
3376	5
3377	4
3378	0
3379	5
3380	0
3381	0
3382	0
3383	5
3384	0
3385	4
3386	0
3387	5
3388	3
3389	0
3390	0
3391	0
3392	0
3393	0
3394	4
3395	0
3396	0
3397	0
3398	3
3399	0
