index	prediction
0	0
1	0
2	0
3	0
4	0
5	4
6	0
7	3
8	0
9	0
10	4
11	4
12	0
13	2
14	0
15	0
16	4
17	0
18	2
19	2
20	0
21	0
22	4
23	0
24	0
25	0
26	0
27	0
28	0
29	2
30	0
31	0
32	0
33	0
34	0
35	0
36	0
37	2
38	0
39	0
40	3
41	0
42	4
43	0
44	0
45	0
46	4
47	0
48	3
49	0
50	3
51	0
52	0
53	2
54	3
55	0
56	2
57	0
58	0
59	2
60	4
61	0
62	0
63	0
64	0
65	0
66	0
67	0
68	0
69	0
70	0
71	0
72	3
73	0
74	0
75	4
76	2
77	0
78	4
79	0
80	2
81	0
82	0
83	0
84	2
85	1
86	0
87	0
88	0
89	0
90	0
91	0
92	0
93	2
94	0
95	0
96	0
97	0
98	0
99	0
100	0
101	3
102	4
103	0
104	4
105	0
106	0
107	0
108	0
109	2
110	0
111	0
112	3
113	0
114	0
115	4
116	0
117	0
118	0
119	0
120	0
121	2
122	0
123	2
124	4
125	0
126	0
127	0
128	0
129	0
130	0
131	0
132	0
133	0
134	0
135	0
136	0
137	0
138	0
139	0
140	0
141	0
142	4
143	2
144	0
145	0
146	0
147	2
148	0
149	0
150	0
151	0
152	0
153	2
154	0
155	0
156	0
157	2
158	1
159	4
160	0
161	2
162	0
163	0
164	0
165	0
166	2
167	0
168	0
169	0
170	2
171	2
172	4
173	0
174	0
175	0
176	0
177	0
178	0
179	0
180	0
181	0
182	2
183	0
184	0
185	1
186	0
187	0
188	0
189	0
190	0
191	3
192	0
193	0
194	4
195	0
196	2
197	0
198	0
199	0
200	2
201	0
202	0
203	0
204	0
205	0
206	0
207	0
208	2
209	0
210	0
211	0
212	0
213	0
214	0
215	0
216	3
217	0
218	0
219	0
220	2
221	0
222	0
223	0
224	0
225	0
226	4
227	0
228	2
229	0
230	0
231	0
232	0
233	4
234	0
235	0
236	0
237	0
238	4
239	0
240	0
241	2
242	0
243	0
244	0
245	0
246	0
247	0
248	2
249	0
250	2
251	0
252	0
253	0
254	0
255	0
256	0
257	0
258	4
259	0
260	4
261	0
262	0
263	0
264	3
265	2
266	0
267	2
268	0
269	0
270	0
271	2
272	0
273	0
274	0
275	2
276	0
277	3
278	2
279	1
280	0
281	0
282	2
283	0
284	4
285	2
286	0
287	2
288	0
289	0
290	0
291	0
292	4
293	0
294	3
295	2
296	0
297	0
298	0
299	0
300	0
301	0
302	0
303	2
304	0
305	0
306	3
307	4
308	3
309	0
310	0
311	0
312	0
313	4
314	0
315	0
316	0
317	0
318	0
319	4
320	0
321	0
322	4
323	0
324	3
325	4
326	0
327	0
328	0
329	0
330	0
331	2
332	4
333	2
334	4
335	0
336	0
337	0
338	0
339	0
340	0
341	2
342	0
343	0
344	0
345	0
346	0
347	0
348	0
349	0
350	0
351	4
352	0
353	0
354	0
355	0
356	0
357	0
358	4
359	0
360	0
361	2
362	0
363	0
364	0
365	2
366	0
367	0
368	0
369	0
370	0
371	4
372	0
373	0
374	4
375	0
376	1
377	0
378	0
379	0
380	0
381	0
382	0
383	0
384	0
385	0
386	4
387	2
388	2
389	0
390	0
391	4
392	0
393	0
394	0
395	4
396	0
397	0
398	0
399	2
400	0
401	0
402	0
403	0
404	0
405	0
406	0
407	4
408	0
409	2
410	0
411	0
412	0
413	0
414	0
415	3
416	0
417	4
418	0
419	4
420	0
421	0
422	0
423	0
424	4
425	0
426	0
427	0
428	0
429	0
430	0
431	0
432	0
433	0
434	0
435	0
436	0
437	0
438	0
439	2
440	0
441	2
442	0
443	0
444	0
445	0
446	4
447	0
448	0
449	4
450	0
451	2
452	0
453	0
454	0
455	0
456	0
457	0
458	0
459	0
460	0
461	4
462	0
463	0
464	0
465	0
466	0
467	0
468	1
469	0
470	0
471	0
472	4
473	1
474	0
475	0
476	0
477	0
478	0
479	2
480	2
481	0
482	0
483	0
484	0
485	0
486	0
487	0
488	0
489	4
490	0
491	0
492	0
493	0
494	0
495	0
496	4
497	0
498	0
499	0
500	0
501	0
502	0
503	0
504	2
505	2
506	0
507	0
508	2
509	0
510	4
511	4
512	0
513	4
514	4
515	0
516	0
517	0
518	0
519	0
520	0
521	0
522	0
523	4
524	0
525	2
526	0
527	0
528	0
529	0
530	0
531	0
532	0
533	4
534	0
535	2
536	4
537	0
538	0
539	0
540	4
541	4
542	0
543	0
544	0
545	4
546	0
547	2
548	0
549	0
550	4
551	0
552	0
553	0
554	0
555	0
556	0
557	0
558	0
559	0
560	0
561	0
562	0
563	0
564	0
565	0
566	0
567	0
568	4
569	0
570	0
571	0
572	0
573	0
574	3
575	0
576	0
577	0
578	0
579	4
580	2
581	4
582	0
583	4
584	4
585	0
586	0
587	0
588	2
589	0
590	4
591	0
592	0
593	0
594	0
595	0
596	0
597	0
598	2
599	0
600	0
601	0
602	0
603	0
604	0
605	0
606	4
607	0
608	4
609	0
610	4
611	0
612	4
613	0
614	0
615	3
616	1
617	2
618	0
619	0
620	4
621	0
622	0
623	0
624	0
625	0
626	4
627	0
628	0
629	0
630	0
631	0
632	0
633	0
634	0
635	2
636	0
637	0
638	4
639	0
640	4
641	0
642	1
643	0
644	4
645	0
646	2
647	4
648	0
649	0
650	0
651	4
652	0
653	3
654	4
655	0
656	0
657	0
658	2
659	0
660	0
661	0
662	0
663	4
664	0
665	0
666	0
667	2
668	0
669	0
670	0
671	0
672	0
673	0
674	0
675	4
676	4
677	0
678	0
679	0
680	2
681	0
682	2
683	2
684	0
685	0
686	4
687	0
688	0
689	3
690	0
691	0
692	0
693	0
694	0
695	0
696	0
697	0
698	0
699	3
700	0
701	3
702	0
703	0
704	2
705	0
706	0
707	0
708	0
709	0
710	0
711	0
712	0
713	0
714	0
715	0
716	0
717	0
718	0
719	0
720	0
721	2
722	0
723	1
724	4
725	0
726	4
727	0
728	3
729	2
730	2
731	0
732	0
733	3
734	0
735	0
736	0
737	3
738	0
739	0
740	0
741	0
742	0
743	0
744	0
745	0
746	4
747	4
748	0
749	2
750	0
751	0
752	0
753	0
754	4
755	0
756	0
757	0
758	4
759	0
760	0
761	0
762	0
763	0
764	0
765	0
766	0
767	0
768	0
769	0
770	0
771	4
772	0
773	0
774	2
775	0
776	0
777	4
778	0
779	0
780	0
781	1
782	0
783	0
784	0
785	0
786	0
787	0
788	0
789	3
790	0
791	4
792	0
793	2
794	3
795	4
796	0
797	4
798	4
799	4
800	4
801	0
802	0
803	0
804	0
805	3
806	0
807	0
808	3
809	0
810	0
811	0
812	0
813	2
814	0
815	2
816	0
817	1
818	0
819	0
820	0
821	0
822	2
823	0
824	3
825	0
826	0
827	0
828	0
829	0
830	3
831	0
832	4
833	1
834	0
835	0
836	4
837	0
838	0
839	0
840	0
841	4
842	0
843	0
844	0
845	0
846	0
847	2
848	0
849	2
850	2
851	0
852	0
853	4
854	2
855	2
856	0
857	0
858	0
859	2
860	0
861	0
862	0
863	0
864	0
865	0
866	0
867	4
868	0
869	0
870	0
871	0
872	0
873	0
874	0
875	0
876	2
877	0
878	0
879	0
880	0
881	4
882	4
883	0
884	0
885	4
886	0
887	4
888	0
889	0
890	0
891	0
892	0
893	0
894	0
895	0
896	0
897	0
898	0
899	0
900	4
901	4
902	0
903	4
904	0
905	0
906	0
907	0
908	0
909	0
910	0
911	4
912	0
913	2
914	0
915	0
916	2
917	0
918	2
919	0
920	0
921	0
922	0
923	0
924	0
925	2
926	0
927	0
928	0
929	4
930	0
931	0
932	0
933	2
934	4
935	0
936	0
937	2
938	2
939	4
940	4
941	2
942	0
943	0
944	0
945	3
946	0
947	0
948	0
949	4
950	4
951	0
952	0
953	0
954	2
955	0
956	0
957	0
958	0
959	0
960	0
961	0
962	0
963	0
964	0
965	0
966	0
967	0
968	2
969	0
970	2
971	0
972	4
973	0
974	0
975	4
976	0
977	0
978	3
979	0
980	0
981	4
982	0
983	3
984	4
985	0
986	4
987	2
988	0
989	0
990	0
991	0
992	0
993	4
994	0
995	0
996	0
997	0
998	0
999	0
1000	2
1001	0
1002	0
1003	0
1004	0
1005	2
1006	0
1007	0
1008	3
1009	0
1010	0
1011	0
1012	0
1013	0
1014	0
1015	0
1016	0
1017	2
1018	0
1019	0
1020	2
1021	4
1022	0
1023	0
1024	2
1025	4
1026	0
1027	2
1028	0
1029	2
1030	4
1031	2
1032	3
1033	0
1034	0
1035	0
1036	0
1037	0
1038	2
1039	0
1040	0
1041	0
1042	4
1043	0
1044	2
1045	0
1046	2
1047	0
1048	0
1049	0
1050	0
1051	3
1052	0
1053	3
1054	0
1055	4
1056	0
1057	0
1058	0
1059	0
1060	0
1061	4
1062	0
1063	0
1064	0
1065	0
1066	0
1067	2
1068	1
1069	0
1070	4
1071	0
1072	4
1073	0
1074	0
1075	0
1076	0
1077	4
1078	4
1079	2
1080	0
1081	0
1082	0
1083	0
1084	0
1085	0
1086	0
1087	0
1088	0
1089	0
1090	0
1091	0
1092	0
1093	0
1094	4
1095	0
1096	0
1097	0
1098	0
1099	3
1100	0
1101	0
1102	0
1103	0
1104	4
1105	0
1106	0
1107	0
1108	3
1109	0
1110	0
1111	4
1112	0
1113	4
1114	0
1115	0
1116	0
1117	3
1118	4
1119	0
1120	0
1121	0
1122	0
1123	0
1124	0
1125	0
1126	4
1127	0
1128	0
1129	0
1130	0
1131	0
1132	0
1133	0
1134	0
1135	0
1136	0
1137	4
1138	0
1139	4
1140	0
1141	0
1142	0
1143	0
1144	0
1145	0
1146	0
1147	4
1148	4
1149	0
1150	0
1151	0
1152	0
1153	0
1154	0
1155	4
1156	0
1157	0
1158	0
1159	2
1160	4
1161	2
1162	0
1163	0
1164	2
1165	0
1166	0
1167	0
1168	0
1169	0
1170	0
1171	2
1172	0
1173	0
1174	0
1175	4
1176	1
1177	4
1178	0
1179	0
1180	2
1181	0
1182	3
1183	3
1184	0
1185	0
1186	2
1187	0
1188	0
1189	0
1190	0
1191	2
1192	0
1193	0
1194	0
1195	0
1196	2
1197	0
1198	0
1199	3
1200	0
1201	0
1202	0
1203	0
1204	0
1205	4
1206	0
1207	4
1208	0
1209	0
1210	0
1211	1
1212	0
1213	2
1214	4
1215	0
1216	0
1217	0
1218	0
1219	0
1220	0
1221	0
1222	4
1223	0
1224	0
1225	0
1226	0
1227	1
1228	4
1229	0
1230	0
1231	4
1232	0
1233	4
1234	0
1235	0
1236	0
1237	4
1238	0
1239	0
1240	2
1241	0
1242	0
1243	0
1244	3
1245	0
1246	0
1247	0
1248	0
1249	0
1250	0
1251	4
1252	0
1253	0
1254	0
1255	4
1256	2
1257	0
1258	0
1259	0
1260	2
1261	4
1262	0
1263	0
1264	0
1265	0
1266	0
1267	0
1268	0
1269	0
1270	2
1271	1
1272	2
1273	0
1274	2
1275	1
1276	0
1277	3
1278	0
1279	0
1280	4
1281	0
1282	3
1283	2
1284	0
1285	0
1286	0
1287	0
1288	0
1289	0
1290	4
1291	4
1292	2
1293	0
1294	2
1295	0
1296	0
1297	0
1298	3
1299	0
1300	4
1301	0
1302	0
1303	0
1304	0
1305	0
1306	0
1307	0
1308	0
1309	0
1310	2
1311	0
1312	0
1313	3
1314	4
1315	0
1316	4
1317	0
1318	0
1319	0
1320	0
1321	4
1322	0
1323	0
1324	3
1325	4
1326	4
1327	0
1328	2
1329	4
1330	0
1331	0
1332	0
1333	4
1334	0
1335	0
1336	0
1337	0
1338	0
1339	0
1340	0
1341	0
1342	0
1343	0
1344	0
1345	0
1346	4
1347	0
1348	0
1349	0
1350	0
1351	0
1352	0
1353	0
1354	0
1355	0
1356	0
1357	0
1358	0
1359	2
1360	0
1361	0
1362	4
1363	1
1364	4
1365	0
1366	0
1367	0
1368	0
1369	0
1370	0
1371	0
1372	0
1373	0
1374	0
1375	0
1376	0
1377	2
1378	4
1379	4
1380	0
1381	0
1382	0
1383	2
1384	3
1385	0
1386	0
1387	4
1388	2
1389	0
1390	0
1391	2
1392	0
1393	0
1394	2
1395	0
1396	0
1397	0
1398	4
1399	0
1400	0
1401	0
1402	0
1403	4
1404	0
1405	1
1406	3
1407	1
1408	4
1409	0
1410	0
1411	0
1412	0
1413	0
1414	4
1415	0
1416	0
1417	0
1418	0
1419	0
1420	0
1421	0
1422	4
1423	0
1424	2
1425	4
1426	0
1427	0
1428	0
1429	0
1430	0
1431	3
1432	0
1433	0
1434	0
1435	0
1436	0
1437	0
1438	4
1439	0
1440	4
1441	2
1442	0
1443	0
1444	4
1445	0
1446	1
1447	0
1448	0
1449	0
1450	0
1451	0
1452	0
1453	0
1454	0
1455	0
1456	0
1457	4
1458	4
1459	0
1460	0
1461	4
1462	0
1463	1
1464	0
1465	0
1466	0
1467	0
1468	0
1469	0
1470	0
1471	0
1472	0
1473	0
1474	0
1475	0
1476	0
1477	4
1478	3
1479	0
1480	2
1481	0
1482	0
1483	0
1484	2
1485	0
1486	4
1487	4
1488	4
1489	4
1490	4
1491	0
1492	0
1493	0
1494	4
1495	0
1496	4
1497	0
1498	0
1499	0
1500	0
1501	0
1502	0
1503	2
1504	0
1505	4
1506	0
1507	0
1508	0
1509	0
1510	0
1511	0
1512	0
1513	0
1514	0
1515	0
1516	0
1517	4
1518	2
1519	0
1520	3
1521	2
1522	0
1523	0
1524	0
1525	0
1526	4
1527	0
1528	0
1529	0
1530	0
1531	0
1532	0
1533	2
1534	0
1535	0
1536	0
1537	2
1538	2
1539	0
1540	0
1541	0
1542	0
1543	4
1544	0
1545	0
1546	2
1547	4
1548	0
1549	0
1550	0
1551	0
1552	0
1553	0
1554	2
1555	0
1556	0
1557	0
1558	0
1559	2
1560	0
1561	0
1562	0
1563	0
1564	0
1565	0
1566	0
1567	0
1568	0
1569	0
1570	0
1571	0
1572	0
1573	0
1574	0
1575	0
1576	0
1577	0
1578	0
1579	0
1580	0
1581	0
1582	0
1583	0
1584	1
1585	3
1586	0
1587	0
1588	0
1589	0
1590	0
1591	0
1592	0
1593	0
1594	2
1595	0
1596	1
1597	0
1598	0
1599	0
1600	0
1601	0
1602	4
1603	0
1604	4
1605	0
1606	4
1607	0
1608	0
1609	0
1610	0
1611	0
1612	2
1613	0
1614	0
1615	0
1616	4
1617	4
1618	0
1619	0
1620	0
1621	0
1622	0
1623	0
1624	0
1625	0
1626	0
1627	0
1628	0
1629	0
1630	0
1631	2
1632	0
1633	0
1634	2
1635	0
1636	0
1637	2
1638	0
1639	0
1640	0
1641	0
1642	4
1643	0
1644	0
1645	0
1646	0
1647	0
1648	0
1649	4
1650	2
1651	0
1652	0
1653	0
1654	0
1655	4
1656	0
1657	2
1658	2
1659	0
1660	0
1661	0
1662	0
1663	0
1664	0
1665	0
1666	0
1667	0
1668	0
1669	0
1670	2
1671	0
1672	0
1673	0
1674	0
1675	0
1676	0
1677	0
1678	0
1679	0
1680	2
1681	0
1682	0
1683	0
1684	0
1685	4
1686	0
1687	0
1688	4
1689	0
1690	4
1691	0
1692	4
1693	4
1694	2
1695	0
1696	0
1697	0
1698	2
1699	0
1700	0
1701	0
1702	0
1703	0
1704	2
1705	0
1706	0
1707	3
1708	0
1709	4
1710	2
1711	0
1712	0
1713	0
1714	0
1715	4
1716	0
1717	0
1718	0
1719	0
1720	0
1721	0
1722	0
1723	0
1724	0
1725	0
1726	3
1727	0
1728	0
1729	0
1730	4
1731	0
1732	0
1733	0
1734	2
1735	2
1736	0
1737	0
1738	0
1739	0
1740	0
1741	0
1742	0
1743	0
1744	0
1745	0
1746	0
1747	0
1748	2
1749	0
1750	0
1751	4
1752	4
1753	0
1754	3
1755	0
1756	0
1757	0
1758	2
1759	3
1760	0
1761	0
1762	0
1763	0
1764	0
1765	0
1766	0
1767	0
1768	0
1769	0
1770	0
1771	0
1772	0
1773	1
1774	0
1775	3
1776	0
1777	0
1778	1
1779	0
1780	2
1781	0
1782	0
1783	3
1784	0
1785	0
1786	4
1787	0
1788	1
1789	4
1790	0
1791	0
1792	2
1793	0
1794	0
1795	0
1796	3
1797	0
1798	0
1799	3
1800	2
1801	0
1802	3
1803	3
1804	0
1805	0
1806	0
1807	0
1808	4
1809	0
1810	0
1811	0
1812	0
1813	0
1814	0
1815	2
1816	0
1817	0
1818	2
1819	0
1820	0
1821	0
1822	0
1823	0
1824	2
1825	0
1826	1
1827	0
1828	2
1829	0
1830	4
1831	0
1832	2
1833	0
1834	0
1835	2
1836	0
1837	4
1838	0
1839	0
1840	0
1841	0
1842	0
1843	0
1844	0
1845	0
1846	0
1847	0
1848	0
1849	0
1850	1
1851	0
1852	4
1853	0
1854	0
1855	2
1856	0
1857	0
1858	0
1859	4
1860	0
1861	2
1862	0
1863	0
1864	0
1865	0
1866	0
1867	0
1868	0
1869	0
1870	0
1871	0
1872	0
1873	0
1874	0
1875	0
1876	0
1877	2
1878	0
1879	0
1880	0
1881	2
1882	0
1883	0
1884	0
1885	0
1886	2
1887	0
1888	0
1889	0
1890	4
1891	4
1892	0
1893	2
1894	0
1895	2
1896	0
1897	0
1898	0
1899	0
1900	0
1901	2
1902	0
1903	0
1904	0
1905	0
1906	0
1907	4
1908	0
1909	0
1910	0
1911	0
1912	0
1913	0
1914	0
1915	0
1916	0
1917	0
1918	0
1919	4
1920	3
1921	0
1922	0
1923	0
1924	0
1925	0
1926	0
1927	0
1928	4
1929	0
1930	4
1931	2
1932	0
1933	0
1934	2
1935	2
1936	0
1937	0
1938	0
1939	0
1940	0
1941	0
1942	0
1943	0
1944	2
1945	0
1946	4
1947	3
1948	4
1949	0
1950	0
1951	4
1952	2
1953	0
1954	0
1955	2
1956	0
1957	0
1958	2
1959	0
1960	3
1961	2
1962	0
1963	0
1964	0
1965	0
1966	0
1967	0
1968	0
1969	0
1970	0
1971	0
1972	0
1973	0
1974	4
1975	2
1976	2
1977	4
1978	0
1979	0
1980	4
1981	0
1982	0
1983	0
1984	0
1985	0
1986	0
1987	0
1988	4
1989	0
1990	2
1991	0
1992	0
1993	0
1994	4
1995	4
1996	3
1997	4
1998	3
1999	0
2000	0
2001	0
2002	2
2003	0
2004	4
2005	2
2006	0
2007	2
2008	0
2009	0
2010	0
2011	4
2012	0
2013	3
2014	0
2015	2
2016	0
2017	1
2018	0
2019	0
2020	0
2021	2
2022	0
2023	0
2024	0
2025	0
2026	2
2027	3
2028	0
2029	0
2030	0
2031	0
2032	0
2033	0
2034	3
2035	4
2036	0
2037	0
2038	0
2039	0
2040	0
2041	4
2042	0
2043	0
2044	0
2045	0
2046	0
2047	0
2048	0
2049	4
2050	4
2051	0
2052	0
2053	0
2054	0
2055	0
2056	0
2057	0
2058	1
2059	0
2060	0
2061	0
2062	0
2063	2
2064	2
2065	0
2066	0
2067	0
2068	0
2069	0
2070	0
2071	0
2072	0
2073	0
2074	0
2075	0
2076	0
2077	2
2078	0
2079	0
2080	2
2081	4
2082	0
2083	0
2084	0
2085	0
2086	4
2087	0
2088	0
2089	2
2090	0
2091	0
2092	0
2093	3
2094	0
2095	0
2096	0
2097	0
2098	0
2099	2
2100	0
2101	0
2102	0
2103	0
2104	0
2105	3
2106	0
2107	0
2108	0
2109	0
2110	0
2111	0
2112	0
2113	0
2114	0
2115	0
2116	0
2117	2
2118	0
2119	2
2120	0
2121	0
2122	1
2123	3
2124	0
2125	0
2126	0
2127	2
2128	0
2129	0
2130	2
2131	0
2132	0
2133	0
2134	0
2135	0
2136	0
2137	2
2138	4
2139	0
2140	0
2141	4
2142	0
2143	0
2144	0
2145	0
2146	0
2147	0
2148	0
2149	0
2150	4
2151	0
2152	0
2153	4
2154	2
2155	4
2156	2
2157	0
2158	0
2159	0
2160	0
2161	0
2162	0
2163	0
2164	0
2165	2
2166	3
2167	0
2168	0
2169	0
2170	0
2171	2
2172	3
2173	0
2174	0
2175	0
2176	3
2177	0
2178	4
2179	0
2180	0
2181	0
2182	2
2183	0
2184	0
2185	0
2186	0
2187	4
2188	0
2189	0
2190	1
2191	0
2192	4
2193	0
2194	0
2195	0
2196	4
2197	2
2198	0
2199	0
2200	0
2201	0
2202	0
2203	2
2204	2
2205	4
2206	4
2207	0
2208	0
2209	2
2210	0
2211	0
2212	2
2213	0
2214	2
2215	0
2216	4
2217	0
2218	0
2219	0
2220	0
2221	2
2222	0
2223	0
2224	0
2225	0
2226	0
2227	3
2228	0
2229	0
2230	0
2231	4
2232	0
2233	4
2234	1
2235	0
2236	0
2237	0
2238	0
2239	0
2240	0
2241	0
2242	0
2243	0
2244	0
2245	0
2246	0
2247	4
2248	0
2249	0
2250	1
2251	0
2252	2
2253	0
2254	0
2255	0
2256	0
2257	0
2258	0
2259	0
2260	3
2261	0
2262	0
2263	0
2264	4
2265	0
2266	0
2267	0
2268	0
2269	0
2270	0
2271	4
2272	2
2273	2
2274	2
2275	0
2276	2
2277	0
2278	0
2279	3
2280	0
2281	0
2282	4
2283	0
2284	4
2285	0
2286	0
2287	0
2288	0
2289	0
2290	0
2291	2
2292	1
2293	0
2294	0
2295	0
2296	1
2297	0
2298	2
2299	0
2300	0
2301	0
2302	0
2303	0
2304	0
2305	0
2306	0
2307	0
2308	0
2309	2
2310	4
2311	0
2312	2
2313	0
2314	0
2315	0
2316	0
2317	3
2318	2
2319	0
2320	0
2321	0
2322	0
2323	4
2324	0
2325	4
2326	0
2327	0
2328	4
2329	0
2330	0
2331	0
2332	0
2333	0
2334	2
2335	4
2336	0
2337	2
2338	0
2339	4
2340	0
2341	0
2342	0
2343	0
2344	0
2345	3
2346	2
2347	0
2348	0
2349	2
2350	0
2351	0
2352	0
2353	0
2354	0
2355	0
2356	0
2357	0
2358	0
2359	4
2360	0
2361	0
2362	3
2363	0
2364	0
2365	0
2366	2
2367	0
2368	0
2369	0
2370	0
2371	0
2372	3
2373	0
2374	0
2375	0
2376	0
2377	4
2378	4
2379	0
2380	0
2381	4
2382	0
2383	3
2384	0
2385	0
2386	0
2387	1
2388	0
2389	0
2390	0
2391	0
2392	0
2393	0
2394	0
2395	0
2396	4
2397	0
2398	0
2399	0
2400	0
2401	0
2402	0
2403	0
2404	0
2405	0
2406	0
2407	0
2408	2
2409	0
2410	0
2411	0
2412	0
2413	2
2414	0
2415	0
2416	0
2417	0
2418	0
2419	0
2420	0
2421	0
2422	0
2423	3
2424	2
2425	0
2426	0
2427	0
2428	0
2429	0
2430	0
2431	2
2432	0
2433	0
2434	3
2435	0
2436	0
2437	0
2438	0
2439	2
2440	0
2441	4
2442	0
2443	0
2444	1
2445	0
2446	0
2447	2
2448	0
2449	0
2450	0
2451	0
2452	4
2453	0
2454	0
2455	0
2456	0
2457	0
2458	4
2459	0
2460	0
2461	0
2462	3
2463	0
2464	0
2465	0
2466	0
2467	0
2468	3
2469	4
2470	0
2471	2
2472	0
2473	0
2474	0
2475	0
2476	0
2477	0
2478	0
2479	0
2480	4
2481	0
2482	0
2483	2
2484	0
2485	2
2486	0
2487	0
2488	0
2489	3
2490	1
2491	0
2492	0
2493	0
2494	0
2495	0
2496	0
2497	0
2498	0
2499	1
2500	0
2501	4
2502	1
2503	4
2504	4
2505	0
2506	2
2507	3
2508	0
2509	0
2510	2
2511	0
2512	0
2513	4
2514	2
2515	0
2516	0
2517	0
2518	0
2519	0
2520	0
2521	2
2522	0
2523	0
2524	0
2525	0
2526	0
2527	0
2528	1
2529	0
2530	4
2531	0
2532	0
2533	0
2534	0
2535	0
2536	0
2537	0
2538	0
2539	0
2540	0
2541	0
2542	2
2543	0
2544	0
2545	0
2546	2
2547	0
2548	0
2549	0
2550	2
2551	0
2552	0
2553	0
2554	0
2555	0
2556	1
2557	0
2558	3
2559	0
2560	0
2561	0
2562	0
2563	0
2564	0
2565	2
2566	0
2567	2
2568	4
2569	0
2570	0
2571	0
2572	0
2573	0
2574	0
2575	3
2576	2
2577	0
2578	0
2579	0
2580	0
2581	0
2582	0
2583	0
2584	0
2585	0
2586	4
2587	2
2588	0
2589	1
2590	0
2591	0
2592	0
2593	0
2594	0
2595	0
2596	0
2597	2
2598	0
2599	0
2600	0
2601	2
2602	2
2603	0
2604	0
2605	2
2606	0
2607	4
2608	0
2609	0
2610	2
2611	0
2612	0
2613	1
2614	0
2615	0
2616	0
2617	0
2618	3
2619	4
2620	3
2621	0
2622	3
2623	3
2624	0
2625	0
2626	0
2627	2
2628	0
2629	0
2630	0
2631	1
2632	0
2633	0
2634	2
2635	3
2636	0
2637	0
2638	4
2639	0
2640	4
2641	4
2642	0
2643	0
2644	0
2645	0
2646	3
2647	4
2648	0
2649	0
2650	4
2651	0
2652	4
2653	0
2654	0
2655	0
2656	0
2657	0
2658	0
2659	2
2660	0
2661	0
2662	3
2663	0
2664	0
2665	0
2666	0
2667	3
2668	0
2669	0
2670	3
2671	2
2672	0
2673	0
2674	4
2675	4
2676	0
2677	2
2678	0
2679	4
2680	0
2681	2
2682	0
2683	0
2684	0
2685	4
2686	0
2687	3
2688	0
2689	0
2690	4
2691	0
2692	3
2693	0
2694	4
2695	3
2696	0
2697	0
2698	4
2699	0
2700	0
2701	4
2702	0
2703	4
2704	2
2705	2
2706	0
2707	3
2708	2
2709	0
2710	4
2711	0
2712	0
2713	0
2714	4
2715	0
2716	0
2717	0
2718	0
2719	0
2720	0
2721	0
2722	2
2723	0
2724	3
2725	2
2726	0
2727	0
2728	0
2729	0
2730	0
2731	0
2732	0
2733	0
2734	0
2735	3
2736	0
2737	0
2738	0
2739	0
2740	0
2741	0
2742	0
2743	1
2744	0
2745	0
2746	0
2747	0
2748	0
2749	4
2750	0
2751	0
2752	0
2753	4
2754	4
2755	4
2756	0
2757	0
2758	0
2759	0
2760	4
2761	0
2762	3
2763	0
2764	0
2765	0
2766	0
2767	2
2768	0
2769	0
2770	0
2771	0
2772	0
2773	0
2774	4
2775	1
2776	4
2777	0
2778	2
2779	0
2780	2
2781	2
2782	0
2783	0
2784	0
2785	0
2786	0
2787	0
2788	0
2789	0
2790	2
2791	0
2792	0
2793	0
2794	0
2795	0
2796	0
2797	0
2798	0
2799	0
2800	0
2801	3
2802	0
2803	0
2804	0
2805	0
2806	4
2807	0
2808	3
2809	0
2810	2
2811	0
2812	4
2813	0
2814	0
2815	0
2816	0
2817	0
2818	0
2819	0
2820	0
2821	0
2822	2
2823	0
2824	0
2825	2
2826	4
2827	0
2828	0
2829	0
2830	0
2831	0
2832	0
2833	0
2834	0
2835	0
2836	0
2837	0
2838	0
2839	0
2840	0
2841	0
2842	0
2843	0
2844	0
2845	0
2846	4
2847	4
2848	0
2849	0
2850	4
2851	0
2852	0
2853	2
2854	3
2855	1
2856	2
2857	0
2858	4
2859	0
2860	0
2861	0
2862	0
2863	4
2864	0
2865	2
2866	0
2867	0
2868	4
2869	0
2870	4
2871	0
2872	2
2873	0
2874	0
2875	0
2876	0
2877	0
2878	0
2879	0
2880	0
2881	0
2882	0
2883	4
2884	0
2885	0
2886	4
2887	0
2888	0
2889	0
2890	0
2891	3
2892	2
2893	0
2894	0
2895	0
2896	2
2897	0
2898	0
2899	0
2900	0
2901	2
2902	0
2903	0
2904	0
2905	0
2906	2
2907	0
2908	0
2909	0
2910	4
2911	0
2912	0
2913	0
2914	0
2915	0
2916	0
2917	2
2918	2
2919	0
2920	0
2921	4
2922	2
2923	0
2924	0
2925	2
2926	0
2927	0
2928	0
2929	0
2930	2
2931	4
2932	2
2933	0
2934	0
2935	3
2936	4
2937	2
2938	0
2939	4
2940	0
2941	4
2942	0
2943	2
2944	3
2945	0
2946	0
2947	0
2948	4
2949	0
2950	0
2951	0
2952	0
2953	3
2954	4
2955	0
2956	0
2957	0
2958	0
2959	0
2960	0
2961	0
2962	4
2963	2
2964	2
2965	0
2966	2
2967	0
2968	2
2969	0
2970	0
2971	0
2972	0
2973	3
2974	2
2975	4
2976	0
2977	0
2978	4
2979	3
2980	0
2981	0
2982	4
2983	0
2984	0
2985	2
2986	3
2987	2
2988	0
2989	4
2990	0
2991	0
2992	2
2993	0
2994	0
2995	3
2996	0
2997	3
2998	4
2999	0
3000	0
3001	0
3002	0
3003	0
3004	0
3005	0
3006	0
3007	0
3008	0
3009	4
3010	0
3011	0
3012	2
3013	0
3014	2
3015	0
3016	0
3017	0
3018	0
3019	0
3020	0
3021	0
3022	0
3023	0
3024	0
3025	0
3026	0
3027	0
3028	0
3029	0
3030	0
3031	0
3032	2
3033	0
3034	0
3035	2
3036	4
3037	0
3038	0
3039	0
3040	0
3041	0
3042	0
3043	0
3044	4
3045	0
3046	3
3047	2
3048	0
3049	0
3050	2
3051	2
3052	0
3053	0
3054	0
3055	4
3056	4
3057	0
3058	0
3059	0
3060	2
3061	4
3062	2
3063	0
3064	0
3065	4
3066	0
3067	3
3068	0
3069	0
3070	0
3071	2
3072	0
3073	2
3074	0
3075	0
3076	0
3077	0
3078	0
3079	2
3080	0
3081	0
3082	0
3083	2
3084	2
3085	0
3086	0
3087	0
3088	2
3089	0
3090	2
3091	0
3092	0
3093	4
3094	0
3095	0
3096	0
3097	0
3098	0
3099	0
3100	0
3101	0
3102	0
3103	0
3104	3
3105	4
3106	2
3107	0
3108	0
3109	0
3110	0
3111	0
3112	0
3113	0
3114	4
3115	0
3116	0
3117	0
3118	0
3119	0
3120	0
3121	0
3122	0
3123	0
3124	0
3125	0
3126	4
3127	0
3128	0
3129	0
3130	0
3131	3
3132	2
3133	4
3134	0
3135	0
3136	0
3137	0
3138	2
3139	0
3140	2
3141	0
3142	0
3143	0
3144	0
3145	0
3146	0
3147	2
3148	0
3149	2
3150	2
3151	4
3152	0
3153	0
3154	0
3155	0
3156	3
3157	0
3158	0
3159	0
3160	0
3161	0
3162	0
3163	0
3164	0
3165	4
3166	0
3167	0
3168	0
3169	0
3170	0
3171	0
3172	4
3173	0
3174	2
3175	0
3176	0
3177	0
3178	3
3179	0
3180	4
3181	3
3182	3
3183	4
3184	0
3185	2
3186	0
3187	0
3188	2
3189	0
3190	2
3191	0
3192	4
3193	0
3194	0
3195	0
3196	0
3197	0
3198	0
3199	4
3200	0
3201	0
3202	0
3203	0
3204	0
3205	3
3206	0
3207	0
3208	0
3209	0
3210	2
3211	0
3212	0
3213	0
3214	0
3215	0
3216	0
3217	0
3218	0
3219	0
3220	3
3221	0
3222	3
3223	2
3224	0
3225	0
3226	0
3227	0
3228	0
3229	0
3230	0
3231	0
3232	0
3233	4
3234	0
3235	0
3236	0
3237	0
3238	4
3239	0
3240	0
3241	0
3242	2
3243	4
3244	4
3245	0
3246	0
3247	0
3248	2
3249	0
3250	0
3251	0
3252	0
3253	0
3254	0
3255	4
3256	0
3257	0
3258	0
3259	0
3260	0
3261	0
3262	1
3263	0
3264	0
3265	0
3266	0
3267	0
3268	0
3269	0
3270	0
3271	0
3272	0
3273	2
3274	0
3275	0
3276	0
3277	0
3278	3
3279	4
3280	0
3281	4
3282	0
3283	4
3284	0
3285	4
3286	0
3287	0
3288	0
3289	2
3290	0
3291	0
3292	0
3293	0
3294	0
3295	0
3296	0
3297	0
3298	0
3299	0
3300	0
3301	0
3302	0
3303	0
3304	2
3305	0
3306	0
3307	4
3308	0
3309	2
3310	4
3311	2
3312	0
3313	2
3314	3
3315	1
3316	0
3317	0
3318	0
3319	2
3320	2
3321	0
3322	3
3323	3
3324	0
3325	2
3326	4
3327	4
3328	0
3329	0
3330	2
3331	0
3332	0
3333	0
3334	3
3335	4
3336	4
3337	0
3338	2
3339	4
3340	0
3341	3
3342	2
3343	0
3344	0
3345	4
3346	0
3347	0
3348	0
3349	0
3350	1
3351	0
3352	0
3353	0
3354	0
3355	0
3356	0
3357	0
3358	0
3359	0
3360	0
3361	0
3362	0
3363	0
3364	0
3365	4
3366	0
3367	0
3368	0
3369	0
3370	0
3371	0
3372	4
3373	4
3374	0
3375	3
3376	0
3377	4
3378	0
3379	0
3380	0
3381	2
3382	0
3383	4
3384	0
3385	4
3386	0
3387	0
3388	0
3389	0
3390	0
3391	2
3392	0
3393	2
3394	4
3395	0
3396	2
3397	0
3398	0
3399	0
